=== 风口主升浪战法：优化版回测汇总报告 ===
全周期胜率: 46.85%
总计触发样本: 34863
---------------------------------------------
年度明细：
      信号次数        胜率     平均收益率
year                          
1994    10  0.600000  0.205056
1995    53  0.283019 -0.080412
1996   479  0.498956 -0.022361
1997   477  0.532495  0.009977
1998   237  0.481013  0.004656
1999   490  0.400000 -0.013708
2000   500  0.422000  0.014297
2001    33  0.303030 -0.029522
2002    27  0.185185 -0.024233
2003    46  0.565217  0.020414
2004    96  0.312500 -0.039384
2005    70  0.385714 -0.041834
2006   795  0.476730 -0.002774
2007  6468  0.700216  0.064698
2008   384  0.210938 -0.093599
2009  2954  0.488490  0.005643
2010  1290  0.378295 -0.023130
2011   491  0.336049 -0.029070
2012   221  0.330317 -0.041871
2013   849  0.382803 -0.018697
2014  1264  0.419304 -0.001706
2015  3342  0.548474  0.005621
2016   631  0.351823 -0.026533
2017   452  0.318584 -0.035105
2018   203  0.270936 -0.055012
2019  1412  0.399433 -0.016293
2020  1936  0.343492 -0.023568
2021  1767  0.444822  0.001035
2022  1605  0.310280 -0.040357
2023  1208  0.324503 -0.021532
2024  1777  0.388858 -0.013033
2025  3296  0.406250 -0.001215