=== 风口主升浪战法：10年历史回测报告 ===
回测日期: 2026-01-04 09:48:58
总计触发交易次数: 99740
全周期总胜率: 46.63%
单笔平均收益 (10日持有): 0.33%
----------------------------------------
年度分表统计:
       交易次数        胜率      平均收益
year                           
1993     86  0.383721 -0.008166
1994    402  0.425373  0.026765
1995    203  0.251232 -0.048183
1996   2057  0.460865 -0.039614
1997   1825  0.536986  0.009130
1998    848  0.491745  0.009737
1999   1545  0.396764 -0.010845
2000   1205  0.413278  0.011763
2001     96  0.270833 -0.031315
2002    184  0.320652 -0.017869
2003    211  0.360190 -0.019738
2004    576  0.387153 -0.020587
2005    494  0.400810 -0.025418
2006   2176  0.471048  0.000828
2007  15934  0.692356  0.063013
2008   2124  0.345104 -0.047655
2009  10289  0.503256  0.009680
2010   3514  0.387308 -0.015813
2011   1560  0.344231 -0.027208
2012   1652  0.360775 -0.028464
2013   2913  0.342259 -0.022277
2014   3482  0.456634  0.004354
2015   8451  0.577210  0.017424
2016   2373  0.332069 -0.024325
2017   1577  0.274572 -0.036445
2018   1219  0.256768 -0.045323
2019   4062  0.451256 -0.002412
2020   4635  0.347141 -0.023116
2021   4536  0.438933  0.000207
2022   3923  0.326536 -0.031240
2023   3084  0.321984 -0.018205
2024   5385  0.419313 -0.006865
2025   7119  0.391488 -0.004157
----------------------------------------
备注：该回测仅包含深沪A股（非创业板），价格区间5-20元。
